['3 muffin', 'juice bottle', '1.45 dollar', 'dollar', '3.70 dollar']
['3 muffin']	['3 muffin']	0.0749559916178
['3 muffin']	['3 muffin']	0.0690143673113
['3 muffin']	['3 muffin']	0.017490982363
['3 muffin']	['3 muffin']	0.0690143673113
['juice bottle']	['juice bottle']	0.0690143673113
['juice bottle']	['juice bottle']	0.017490982363
['juice bottle']	['juice bottle']	0.0690143673113
['1.45 dollar']	['1.45 dollar']	0.619435082006
['juice bottle', '3 muffin']	['juice bottle', '3 muffin']	0.0690143673113
['juice bottle', '3 muffin']	['juice bottle', '3 muffin']	0.017490982363
['juice bottle', '3 muffin']	['juice bottle', '3 muffin']	0.0690143673113
['1.45 dollar', '3 muffin']	['1.45 dollar', '3 muffin']	0.0767768048648
['1.45 dollar', '3 muffin']	['1.45 dollar', '3 muffin']	0.0196969142433
['1.45 dollar', '3 muffin']	['1.45 dollar', '3 muffin']	0.251529580944
['dollar', '3 muffin']	['dollar', '3 muffin']	0.0340066916006
['dollar', '3 muffin']	['dollar', '3 muffin']	0.0291662153074
['dollar', '3 muffin']	['dollar', '3 muffin']	0.0291662153074
['3.70 dollar', '3 muffin']	['3.70 dollar', '3 muffin']	0.0767768048648
['3.70 dollar', '3 muffin']	['3.70 dollar', '3 muffin']	0.251529580944
['3.70 dollar', '3 muffin']	['3.70 dollar', '3 muffin']	0.0196969142433
['3 muffin', 'juice bottle']	['3 muffin', 'juice bottle']	0.0690143673113
['3 muffin', 'juice bottle']	['3 muffin', 'juice bottle']	0.017490982363
['3 muffin', 'juice bottle']	['3 muffin', 'juice bottle']	0.0690143673113
['1.45 dollar', 'juice bottle']	['1.45 dollar', 'juice bottle']	0.0767768048648
['1.45 dollar', 'juice bottle']	['1.45 dollar', 'juice bottle']	0.0182450454053
['1.45 dollar', 'juice bottle']	['1.45 dollar', 'juice bottle']	0.251529580944
['dollar', 'juice bottle']	['dollar', 'juice bottle']	0.022336228179
['dollar', 'juice bottle']	['dollar', 'juice bottle']	0.0291662153074
['dollar', 'juice bottle']	['dollar', 'juice bottle']	0.0291662153074
['3.70 dollar', 'juice bottle']	['3.70 dollar', 'juice bottle']	0.0767768048648
['3.70 dollar', 'juice bottle']	['3.70 dollar', 'juice bottle']	0.251529580944
['3.70 dollar', 'juice bottle']	['3.70 dollar', 'juice bottle']	0.0182450454053
['3 muffin', '1.45 dollar']	['3 muffin', '1.45 dollar']	0.0767768048648
['3 muffin', '1.45 dollar']	['3 muffin', '1.45 dollar']	0.0196969142433
['3 muffin', '1.45 dollar']	['3 muffin', '1.45 dollar']	0.251529580944
['juice bottle', '1.45 dollar']	['juice bottle', '1.45 dollar']	0.0767768048648
['juice bottle', '1.45 dollar']	['juice bottle', '1.45 dollar']	0.0182450454053
['juice bottle', '1.45 dollar']	['juice bottle', '1.45 dollar']	0.251529580944
['dollar', '1.45 dollar']	['dollar', '1.45 dollar']	0.0275867219841
['dollar', '1.45 dollar']	['dollar', '1.45 dollar']	0.0353557944867
['dollar', '1.45 dollar']	['dollar', '1.45 dollar']	0.0517940170627
['3.70 dollar', '1.45 dollar']	['3.70 dollar', '1.45 dollar']	0.0922575126852
['3.70 dollar', '1.45 dollar']	['3.70 dollar', '1.45 dollar']	0.0922575126852
['3.70 dollar', '1.45 dollar']	['3.70 dollar', '1.45 dollar']	0.01615851183
['3 muffin', 'dollar']	['3 muffin', 'dollar']	0.0340066916006
['3 muffin', 'dollar']	['3 muffin', 'dollar']	0.0291662153074
['3 muffin', 'dollar']	['3 muffin', 'dollar']	0.0291662153074
['juice bottle', 'dollar']	['juice bottle', 'dollar']	0.022336228179
['juice bottle', 'dollar']	['juice bottle', 'dollar']	0.0291662153074
['juice bottle', 'dollar']	['juice bottle', 'dollar']	0.0291662153074
['1.45 dollar', 'dollar']	['1.45 dollar', 'dollar']	0.0275867219841
['1.45 dollar', 'dollar']	['1.45 dollar', 'dollar']	0.0353557944867
['1.45 dollar', 'dollar']	['1.45 dollar', 'dollar']	0.0517940170627
['3.70 dollar', 'dollar']	['3.70 dollar', 'dollar']	0.0275867219841
['3.70 dollar', 'dollar']	['3.70 dollar', 'dollar']	0.0353557944867
['3.70 dollar', 'dollar']	['3.70 dollar', 'dollar']	0.0517940170627
['3 muffin', '3.70 dollar']	['3 muffin', '3.70 dollar']	0.0767768048648
['3 muffin', '3.70 dollar']	['3 muffin', '3.70 dollar']	0.251529580944
['3 muffin', '3.70 dollar']	['3 muffin', '3.70 dollar']	0.0196969142433
['juice bottle', '3.70 dollar']	['juice bottle', '3.70 dollar']	0.0767768048648
['juice bottle', '3.70 dollar']	['juice bottle', '3.70 dollar']	0.251529580944
['juice bottle', '3.70 dollar']	['juice bottle', '3.70 dollar']	0.0182450454053
['1.45 dollar', '3.70 dollar']	['1.45 dollar', '3.70 dollar']	0.0922575126852
['1.45 dollar', '3.70 dollar']	['1.45 dollar', '3.70 dollar']	0.0922575126852
['1.45 dollar', '3.70 dollar']	['1.45 dollar', '3.70 dollar']	0.01615851183
['dollar', '3.70 dollar']	['dollar', '3.70 dollar']	0.0275867219841
['dollar', '3.70 dollar']	['dollar', '3.70 dollar']	0.0353557944867
['dollar', '3.70 dollar']	['dollar', '3.70 dollar']	0.0517940170627
